2 35 Jeff 50000 24
2 1 Kiran   4500 35
2 2 James 4500 35
2 3 Jane 4500 35
2 4 Ramon 4500 35
2 5 Gonzalez 4500 35
2 6 Polo 4500 35
2 7 Jake 4500 35
2 8 David 4500 35
2 9 John 4500 35
2 25 Me 47000 88
2 10 Faith 4500 35
2 11 Jesus 4500 35
2 12 Raju 4500 35
2 13 Sista 4500 35
2 14 Syed 4500 35
2 15 Ann 4500 35
2 16 Jessica 4500 35
2 17 Dory 4500 35
2 19 Kawhi 6500 8
2 88 Boss 59000
2 24 CashFlow 500000
3 35 24
3 1
3 25 88
4
5 24
6 24
5 35
5 88
5
6 36
1 24
5 24
5
1 55
1 4
1 5
1 6
1 7
5 35
2 39 Joseph 50000 39
5 39
2 40 BossMan 70000 24
3 39 40
3 88 40
5 40
6 38
6 40
1 8
1 9
1 10
1 11
1 12
1 13
1 35
5 35
6 35
5 24

